---------------------------------------------------------------------------
Current Fold:  1
---------------------------------------------------------------------------
Epoch 1: curr_epoch_loss=0.6928310990333557, running time = 25.67176127433777 seconds
Epoch 2: curr_epoch_loss=0.6892400979995728, running time = 26.751112937927246 seconds
Epoch 3: curr_epoch_loss=0.6843752861022949, running time = 27.635130167007446 seconds
Epoch 4: curr_epoch_loss=0.680596113204956, running time = 27.42822289466858 seconds
Epoch 5: curr_epoch_loss=0.677903413772583, running time = 27.370062112808228 seconds
Epoch 6: curr_epoch_loss=0.6736869215965271, running time = 27.51042652130127 seconds
Epoch 7: curr_epoch_loss=0.6718053817749023, running time = 28.036751985549927 seconds
Epoch 8: curr_epoch_loss=0.6678205132484436, running time = 28.120750904083252 seconds
Epoch 9: curr_epoch_loss=0.6626276969909668, running time = 28.28772521018982 seconds
Epoch 10: curr_epoch_loss=0.6637278199195862, running time = 28.259706258773804 seconds
[1 1 0 1 0 1 0 1 1 1 0 0 1 1 0 1 0 0 1 0 1 1 1 0 0 1 0 0 1 0 1 0 1 0 1 0 0
 1 0 0 0 0 0 0 0 1 0 0 0 1 0 1 0 0 0 0 0 0 0 0 0 1 0 1 1 0 0 0 0 0 0 1 0 0
 0 0 0 1 0 0 1 1 1 0 0 0 0 1 1 1 0 0 0 0 0 1 0 0 1 1 0 1 1 0 1 0 0 1 0 1 0
 1 0 1 0 0 0 1 0 1 0 0 0 1 1 1 0 1 1 0 0 1 0 0 0 0 1 0 0 1 1 1 0 0 1 0 0 1
 1 0 0 0 0 0 0 1 0 0 0 0 1 0 1 1 0 1 0 0 0 1 1 1 0 0 0 0 1 0 0 0 0 0 1 0 1
 1 1 1 0 1 1 1 1]
[1 1 0 1 1 1 0 0 0 1 1 1 1 1 1 1 0 1 1 1 1 0 1 1 0 1 0 0 0 0 0 0 0 0 1 1 0
 1 0 0 1 0 0 0 1 1 0 0 1 1 0 1 0 1 0 1 1 0 0 1 1 1 0 1 0 0 0 1 1 0 1 1 0 1
 1 1 0 1 1 1 1 0 0 1 0 0 1 0 1 1 0 0 1 0 1 1 0 0 1 1 1 0 0 0 1 0 0 0 0 0 1
 0 0 0 0 0 0 1 1 0 0 0 1 1 0 1 0 1 0 0 0 1 0 0 0 0 1 1 1 1 0 1 1 0 1 0 1 0
 1 0 1 0 0 1 0 1 1 0 0 0 1 1 1 1 0 0 1 0 1 1 1 0 0 1 1 1 1 0 0 0 0 1 1 1 0
 1 1 0 0 1 0 1 0]
Validation Precision: 0.5154639175257731
Validation Recall: 0.6493506493506493
Validation F1: 0.5747126436781609
Validation Accuracy: 0.616580310880829
---------------------------------------------------------------------------
Current Fold:  2
---------------------------------------------------------------------------
Epoch 1: curr_epoch_loss=0.6934283971786499, running time = 28.11086344718933 seconds
Epoch 2: curr_epoch_loss=0.6888269782066345, running time = 28.29889440536499 seconds
Epoch 3: curr_epoch_loss=0.6845486164093018, running time = 28.303365468978882 seconds
Epoch 4: curr_epoch_loss=0.6813021302223206, running time = 28.405784845352173 seconds
Epoch 5: curr_epoch_loss=0.6822695136070251, running time = 29.245011568069458 seconds
Epoch 6: curr_epoch_loss=0.67755526304245, running time = 28.489855766296387 seconds
Epoch 7: curr_epoch_loss=0.6728005409240723, running time = 28.338897466659546 seconds
Epoch 8: curr_epoch_loss=0.6710677146911621, running time = 28.301199436187744 seconds
Epoch 9: curr_epoch_loss=0.6647871136665344, running time = 28.20581603050232 seconds
Epoch 10: curr_epoch_loss=0.6644092798233032, running time = 28.432584762573242 seconds
[1 0 0 1 0 1 1 0 1 1 1 1 1 1 1 0 0 0 0 0 1 0 0 1 1 1 0 1 0 0 1 1 0 1 0 0 0
 1 0 0 0 0 1 1 0 1 1 0 1 0 1 0 0 0 1 0 0 1 1 1 1 1 1 1 1 1 0 1 1 0 0 0 1 1
 1 1 0 0 0 1 1 1 1 0 0 1 0 0 0 1 1 0 1 1 0 1 1 1 0 1 0 0 1 0 1 1 1 0 0 1 0
 0 1 0 1 1 0 1 1 1 0 1 0 0 0 0 0 1 1 0 1 1 0 0 1 1 1 0 1 1 1 1 1 1 1 1 1 0
 1 1 0 1 0 0 0 1 0 1 1 1 1 0 1 1 1 0 1 0 1 0 1 0 1 0 0 1 1 0 0 0 0 0 0 0 0
 0 1 0 1 0 1 0 0]
[1 1 0 0 0 0 1 1 0 1 1 1 1 1 1 0 0 0 0 0 0 0 0 0 1 0 0 1 0 1 0 1 0 1 1 0 0
 0 1 0 0 0 1 0 0 0 1 0 0 0 1 1 0 0 1 1 0 1 1 1 1 1 1 0 0 1 1 0 0 0 1 1 1 1
 1 0 1 0 1 1 1 0 0 0 0 1 1 1 1 1 1 0 1 1 0 0 1 1 0 1 1 0 1 0 1 1 1 0 0 1 0
 0 1 0 0 0 0 1 0 0 0 1 0 0 1 0 0 0 1 1 1 0 0 1 1 1 1 0 0 1 0 0 0 0 0 1 1 0
 1 1 1 1 1 0 1 0 0 1 0 1 1 0 1 0 1 1 1 0 0 1 1 0 1 0 1 0 1 1 0 0 0 1 1 1 1
 0 1 0 1 0 1 0 0]
Validation Precision: 0.6907216494845361
Validation Recall: 0.6504854368932039
Validation F1: 0.6700000000000002
Validation Accuracy: 0.6580310880829016
---------------------------------------------------------------------------
Current Fold:  3
---------------------------------------------------------------------------
Epoch 1: curr_epoch_loss=0.6915170550346375, running time = 28.350159406661987 seconds
Epoch 2: curr_epoch_loss=0.6855105757713318, running time = 28.43110466003418 seconds
Epoch 3: curr_epoch_loss=0.6820976734161377, running time = 28.545406103134155 seconds
Epoch 4: curr_epoch_loss=0.6797060966491699, running time = 28.426446199417114 seconds
Epoch 5: curr_epoch_loss=0.6755420565605164, running time = 28.864065647125244 seconds
Epoch 6: curr_epoch_loss=0.6728485226631165, running time = 28.512949228286743 seconds
Epoch 7: curr_epoch_loss=0.6703580021858215, running time = 28.6581871509552 seconds
Epoch 8: curr_epoch_loss=0.6668506264686584, running time = 28.401055097579956 seconds
Epoch 9: curr_epoch_loss=0.6654273867607117, running time = 28.508454084396362 seconds
Epoch 10: curr_epoch_loss=0.6623387336730957, running time = 28.415059804916382 seconds
[0 1 1 0 1 0 1 1 0 1 1 1 0 0 1 1 0 1 0 1 1 1 1 1 0 0 0 1 1 1 1 1 0 1 0 1 1
 0 1 1 1 0 1 0 1 1 1 0 0 1 0 1 1 0 1 1 0 0 0 0 1 0 0 0 1 0 1 1 1 1 0 1 0 1
 1 0 0 0 1 0 0 0 1 1 1 1 0 1 1 0 1 0 1 1 0 1 0 0 1 0 1 0 0 0 0 0 1 1 1 1 1
 0 0 0 1 0 0 0 1 0 1 0 1 1 0 0 1 0 1 1 0 1 1 0 1 0 1 1 1 0 0 0 1 1 0 1 1 0
 0 0 0 0 1 1 1 1 1 1 1 1 1 1 0 0 1 1 0 1 1 0 1 0 1 1 1 1 1 1 0 1 0 0 1 0 1
 1 1 1 0 0 1 1 0]
[0 1 0 0 0 0 0 0 0 1 0 0 0 0 1 0 1 1 1 0 0 0 1 0 0 1 1 1 0 0 1 1 0 0 0 1 1
 0 1 0 1 0 1 0 1 0 0 1 0 0 0 1 1 0 1 1 0 1 1 1 1 1 0 0 1 0 0 0 0 0 1 0 0 1
 1 0 1 0 0 0 0 0 1 0 1 1 0 1 1 0 1 0 0 1 0 0 0 1 1 1 0 0 0 1 1 0 0 1 0 1 1
 1 0 1 0 1 1 1 1 0 1 0 0 0 0 0 1 0 1 1 0 1 1 0 1 1 1 1 1 1 0 1 1 1 1 0 1 0
 1 0 0 0 1 1 0 1 1 0 0 0 1 1 0 0 1 1 0 1 1 0 0 0 1 0 1 1 1 1 1 1 0 0 1 1 0
 1 0 1 1 0 0 1 1]
Validation Precision: 0.6979166666666666
Validation Recall: 0.6090909090909091
Validation F1: 0.6504854368932038
Validation Accuracy: 0.6269430051813472
---------------------------------------------------------------------------
Current Fold:  4
---------------------------------------------------------------------------
Epoch 1: curr_epoch_loss=0.6922430992126465, running time = 28.444101810455322 seconds
Epoch 2: curr_epoch_loss=0.6849933862686157, running time = 28.381771326065063 seconds
Epoch 3: curr_epoch_loss=0.6812998652458191, running time = 28.463204622268677 seconds
Epoch 4: curr_epoch_loss=0.6778168678283691, running time = 28.856879234313965 seconds
Epoch 5: curr_epoch_loss=0.6764998435974121, running time = 28.410972595214844 seconds
Epoch 6: curr_epoch_loss=0.6704164743423462, running time = 28.293718338012695 seconds
Epoch 7: curr_epoch_loss=0.6677809953689575, running time = 28.76087784767151 seconds
Epoch 8: curr_epoch_loss=0.6657111644744873, running time = 28.209826946258545 seconds
Epoch 9: curr_epoch_loss=0.6610296964645386, running time = 28.288687705993652 seconds
Epoch 10: curr_epoch_loss=0.6566811800003052, running time = 28.10797095298767 seconds
[1 0 1 1 1 0 1 1 1 0 0 1 1 1 1 0 0 1 0 0 1 1 1 1 1 0 1 1 1 0 1 1 1 1 1 0 1
 1 1 1 1 1 1 0 1 1 0 0 1 1 1 0 1 1 0 1 0 1 0 1 0 1 1 1 1 1 0 1 0 1 0 0 0 1
 0 1 1 1 1 0 0 0 0 1 1 1 1 1 0 1 1 0 1 0 1 0 1 0 0 1 1 0 0 1 0 1 0 0 1 0 0
 0 1 0 0 1 0 1 1 1 1 1 0 1 0 0 1 1 0 0 0 1 1 0 0 0 1 1 1 1 1 1 1 0 0 0 1 0
 0 0 0 1 0 1 1 1 0 0 0 1 1 0 1 0 0 0 0 1 1 1 1 0 1 1 1 1 1 0 1 1 0 1 1 1 1
 1 1 0 1 0 0 0 1]
[1 0 1 1 0 1 1 0 0 0 1 1 0 0 0 0 0 0 1 0 1 1 0 1 1 1 0 1 1 1 1 0 0 0 1 1 1
 0 0 0 1 0 1 0 1 0 0 1 1 0 1 0 0 0 1 0 0 1 0 1 0 0 1 1 1 0 0 1 0 1 0 1 1 0
 0 1 0 1 1 1 0 0 1 0 0 0 1 1 0 0 1 1 1 1 1 0 1 1 1 0 0 0 0 1 1 0 0 1 1 0 0
 0 1 1 0 1 0 1 0 0 0 0 0 1 0 1 1 0 1 1 1 1 0 1 1 1 1 0 0 1 1 0 1 0 0 0 1 1
 1 0 1 1 1 0 0 1 0 0 1 1 1 0 1 0 0 1 1 1 1 0 0 0 0 1 0 0 0 0 1 0 0 1 0 0 0
 0 1 1 1 1 0 1 0]
Validation Precision: 0.625
Validation Recall: 0.5217391304347826
Validation F1: 0.5687203791469194
Validation Accuracy: 0.5284974093264249
---------------------------------------------------------------------------
Current Fold:  5
---------------------------------------------------------------------------
Epoch 1: curr_epoch_loss=0.6920615434646606, running time = 28.426063060760498 seconds
Epoch 2: curr_epoch_loss=0.6877061724662781, running time = 28.21772027015686 seconds
Epoch 3: curr_epoch_loss=0.6861861348152161, running time = 28.37833547592163 seconds
Epoch 4: curr_epoch_loss=0.6805834174156189, running time = 28.36177968978882 seconds
Epoch 5: curr_epoch_loss=0.6766531467437744, running time = 28.46079993247986 seconds
Epoch 6: curr_epoch_loss=0.6739112734794617, running time = 31.2641019821167 seconds
Epoch 7: curr_epoch_loss=0.6706331968307495, running time = 31.02439308166504 seconds
Epoch 8: curr_epoch_loss=0.6700799465179443, running time = 31.901304244995117 seconds
Epoch 9: curr_epoch_loss=0.6644219160079956, running time = 28.820130825042725 seconds
Epoch 10: curr_epoch_loss=0.6628875136375427, running time = 29.430904626846313 seconds
[1 0 1 0 1 1 1 0 1 1 1 1 1 1 1 1 1 0 1 0 1 1 1 1 1 0 0 1 1 1 1 0 1 1 1 1 1
 0 1 0 1 1 1 1 0 0 0 1 1 1 0 0 0 1 0 1 0 0 1 0 1 1 1 1 1 1 1 1 1 1 0 1 1 1
 1 1 1 1 1 1 1 1 0 0 0 1 0 1 0 0 0 1 0 0 1 1 1 1 1 1 1 1 1 1 1 0 0 1 1 1 0
 1 1 1 1 0 1 1 1 0 0 1 1 1 0 1 1 1 1 1 1 1 1 1 1 1 0 1 1 1 0 0 0 0 1 0 0 1
 1 0 0 0 1 1 0 1 0 0 0 0 1 0 1 1 0 1 0 1 1 0 1 1 0 1 1 1 0 1 1 0 1 1 1 1 1
 1 1 0 1 1 0 1]
[0 0 0 0 1 1 1 0 0 1 1 1 1 1 0 1 1 0 1 0 1 0 1 0 1 1 0 0 1 1 1 0 1 1 1 0 1
 0 0 0 1 1 1 0 0 1 1 1 0 0 0 0 0 0 1 1 0 1 0 0 1 1 0 0 1 1 1 1 0 0 1 1 1 1
 1 1 1 1 1 1 1 1 0 1 1 1 0 0 0 0 0 0 1 1 0 1 1 1 0 1 1 0 1 0 0 0 0 0 0 1 0
 0 1 0 1 1 0 1 0 1 1 0 1 0 0 1 0 0 1 0 1 1 1 1 1 0 0 0 1 0 0 1 0 1 1 0 0 0
 0 0 1 0 1 0 0 0 0 0 0 0 0 0 0 1 0 0 1 0 1 0 0 0 1 1 1 0 0 0 1 1 1 1 0 1 1
 0 0 1 0 1 0 1]
Validation Precision: 0.7916666666666666
Validation Recall: 0.5801526717557252
Validation F1: 0.6696035242290749
Validation Accuracy: 0.609375
---------------------------------------------------------------------------
Current Fold:  6
---------------------------------------------------------------------------
Epoch 1: curr_epoch_loss=0.692501962184906, running time = 28.26490068435669 seconds
Epoch 2: curr_epoch_loss=0.6874496936798096, running time = 31.323057413101196 seconds
Epoch 3: curr_epoch_loss=0.6834545731544495, running time = 31.429457664489746 seconds
Epoch 4: curr_epoch_loss=0.6794675588607788, running time = 28.51374888420105 seconds
Epoch 5: curr_epoch_loss=0.6740056276321411, running time = 28.088201999664307 seconds
Epoch 6: curr_epoch_loss=0.6693944931030273, running time = 30.129215717315674 seconds
Epoch 7: curr_epoch_loss=0.6680547595024109, running time = 30.326693296432495 seconds
Epoch 8: curr_epoch_loss=0.6626530289649963, running time = 30.74296808242798 seconds
Epoch 9: curr_epoch_loss=0.6620215177536011, running time = 28.19294762611389 seconds
Epoch 10: curr_epoch_loss=0.6573667526245117, running time = 28.489087343215942 seconds
[0 0 1 0 1 1 0 1 0 0 0 1 1 1 0 1 1 0 0 1 0 1 1 0 1 1 0 0 0 0 1 1 0 0 1 1 0
 1 1 1 0 1 0 1 0 1 1 1 1 0 1 1 1 1 1 0 0 1 1 1 1 1 1 0 0 1 0 0 1 0 1 1 1 1
 1 0 0 0 0 0 0 1 0 1 1 1 0 1 1 0 0 0 1 1 0 0 1 0 1 1 1 1 1 1 1 1 1 1 1 1 0
 1 1 1 0 0 1 1 1 1 1 0 1 1 1 1 1 0 1 0 1 0 1 1 0 0 1 0 0 0 1 0 0 1 1 1 1 0
 1 0 0 1 1 1 0 0 1 1 0 0 0 0 1 0 0 0 1 1 1 1 0 1 1 1 0 0 1 1 1 1 0 0 0 0 1
 0 1 0 0 1 0 1]
[0 0 1 0 1 0 0 1 0 0 0 0 1 1 1 1 1 0 0 0 0 1 1 0 1 0 0 1 1 0 0 1 0 1 1 0 0
 0 0 1 0 0 1 0 0 1 1 1 1 0 0 1 1 1 0 1 0 0 1 1 0 1 0 0 0 1 0 0 1 0 1 1 0 0
 0 0 0 0 0 0 0 1 0 1 1 1 0 0 1 0 1 0 0 1 1 0 1 0 0 0 0 1 1 1 0 1 1 1 1 0 0
 0 1 0 1 1 1 1 1 1 1 0 1 0 1 0 1 0 1 1 0 1 1 1 0 0 0 1 1 1 0 0 1 0 0 0 1 1
 0 0 0 0 1 1 1 1 1 0 0 0 0 0 0 0 1 1 1 1 1 1 1 1 1 0 1 1 1 1 0 1 0 1 0 0 1
 0 0 0 1 1 1 1]
Validation Precision: 0.71875
Validation Recall: 0.6216216216216216
Validation F1: 0.6666666666666667
Validation Accuracy: 0.640625
---------------------------------------------------------------------------
Current Fold:  7
---------------------------------------------------------------------------
Epoch 1: curr_epoch_loss=0.6949678063392639, running time = 28.415786266326904 seconds
Epoch 2: curr_epoch_loss=0.6909921169281006, running time = 30.074947118759155 seconds
Epoch 3: curr_epoch_loss=0.6859225630760193, running time = 30.887640476226807 seconds
Epoch 4: curr_epoch_loss=0.6815664768218994, running time = 30.256242036819458 seconds
Epoch 5: curr_epoch_loss=0.6773821711540222, running time = 32.33596181869507 seconds
Epoch 6: curr_epoch_loss=0.676235020160675, running time = 34.29719281196594 seconds
Epoch 7: curr_epoch_loss=0.6720414161682129, running time = 32.573195457458496 seconds
Epoch 8: curr_epoch_loss=0.6690827012062073, running time = 31.949716567993164 seconds
Epoch 9: curr_epoch_loss=0.6653293371200562, running time = 33.153237104415894 seconds
Epoch 10: curr_epoch_loss=0.6636715531349182, running time = 31.308942079544067 seconds
[1 0 0 0 0 1 1 1 1 1 1 0 1 1 0 1 1 0 0 0 1 0 1 0 1 0 0 0 1 1 1 1 1 1 1 0 1
 1 1 0 1 1 1 1 1 1 1 0 1 1 1 0 1 0 0 1 1 1 1 0 1 0 0 0 0 0 0 0 1 1 1 0 0 1
 0 1 0 1 1 0 0 0 1 1 0 0 1 1 0 0 1 0 1 1 0 0 0 1 0 0 0 1 0 1 1 1 0 1 1 1 1
 1 0 1 1 0 1 0 0 0 1 0 1 1 0 0 0 1 1 0 1 0 0 1 1 0 0 1 1 0 1 1 0 0 1 1 1 0
 1 0 1 1 1 0 0 1 0 1 1 0 1 0 1 0 0 1 0 1 1 1 1 1 0 0 1 1 1 1 1 1 1 0 1 1 1
 0 1 0 1 1 0 1]
[1 1 0 0 0 0 1 0 1 1 0 0 0 0 0 1 1 1 0 0 1 1 0 1 0 0 0 1 0 1 0 0 1 0 1 0 1
 0 0 1 1 0 0 0 1 1 1 1 0 1 0 0 0 1 1 0 1 1 1 1 1 0 0 1 0 1 1 1 1 1 0 0 0 1
 0 0 0 0 0 1 1 0 0 1 0 1 0 0 0 1 1 0 1 0 1 0 0 0 0 1 0 0 1 0 1 0 1 1 1 1 1
 1 0 1 0 0 0 0 1 0 1 0 0 1 0 0 0 1 0 0 0 0 0 1 0 0 0 1 0 1 0 1 0 1 0 1 1 0
 1 1 0 1 0 1 1 1 1 0 1 1 1 0 0 0 0 1 0 1 1 1 1 1 1 0 1 1 1 1 1 1 0 0 1 1 0
 1 1 1 0 1 0 1]
Validation Precision: 0.65625
Validation Recall: 0.5675675675675675
Validation F1: 0.6086956521739131
Validation Accuracy: 0.578125
---------------------------------------------------------------------------
Current Fold:  8
---------------------------------------------------------------------------
Epoch 1: curr_epoch_loss=0.6926994919776917, running time = 30.272979259490967 seconds
Epoch 2: curr_epoch_loss=0.6867690086364746, running time = 27.586795330047607 seconds
Epoch 3: curr_epoch_loss=0.6841284036636353, running time = 27.33739161491394 seconds
Epoch 4: curr_epoch_loss=0.6820170283317566, running time = 30.56510853767395 seconds
Epoch 5: curr_epoch_loss=0.6764560341835022, running time = 32.49951791763306 seconds
Epoch 6: curr_epoch_loss=0.6739961504936218, running time = 30.382976770401 seconds
Epoch 7: curr_epoch_loss=0.6686887145042419, running time = 29.475426197052002 seconds
Epoch 8: curr_epoch_loss=0.6665560007095337, running time = 28.27706289291382 seconds
Epoch 9: curr_epoch_loss=0.6654939651489258, running time = 28.18954610824585 seconds
Epoch 10: curr_epoch_loss=0.6612359285354614, running time = 27.463243007659912 seconds
[0 0 1 1 0 0 0 0 0 1 0 0 1 1 0 0 0 1 0 0 0 0 0 0 0 1 0 0 1 0 1 0 0 1 1 0 1
 0 0 0 1 0 0 0 0 1 0 1 0 0 0 0 0 0 1 1 0 0 0 0 1 0 1 1 0 1 0 1 0 1 0 0 0 0
 0 0 0 0 0 0 0 1 0 1 0 0 0 0 0 1 0 0 1 1 1 1 0 0 0 1 0 1 0 1 1 1 1 1 1 1 0
 1 0 0 0 1 0 0 0 0 1 0 0 0 1 0 0 1 1 1 0 0 1 0 0 0 0 1 1 1 0 0 0 0 1 1 0 0
 0 1 0 1 1 1 1 0 0 1 1 1 0 0 0 0 1 1 0 1 1 0 0 1 0 1 1 0 0 0 1 0 1 1 1 1 0
 1 1 1 0 0 0 1]
[1 0 1 1 0 0 0 0 1 1 1 0 0 1 1 0 1 1 1 0 1 1 1 0 1 1 0 1 1 0 1 1 0 1 1 0 1
 0 0 0 0 1 0 0 0 0 1 0 1 1 0 1 0 1 0 1 1 0 0 1 0 0 1 1 1 1 1 0 1 0 1 1 1 1
 0 1 1 0 0 0 0 0 0 0 0 1 0 1 0 1 1 0 1 1 0 0 0 0 1 1 0 0 0 1 0 1 1 0 1 1 0
 0 1 1 0 1 0 0 0 0 1 1 1 0 1 0 0 1 1 0 1 0 0 1 1 0 0 1 1 1 0 0 1 0 0 1 1 0
 1 0 1 1 0 1 0 0 0 1 0 1 0 0 0 0 1 1 1 1 0 0 0 0 1 1 1 0 1 1 0 0 0 1 0 0 1
 1 1 0 0 1 0 1]
Validation Precision: 0.4791666666666667
Validation Recall: 0.6052631578947368
Validation F1: 0.5348837209302326
Validation Accuracy: 0.5833333333333334
---------------------------------------------------------------------------
Current Fold:  9
---------------------------------------------------------------------------
Epoch 1: curr_epoch_loss=0.6925033330917358, running time = 28.228105068206787 seconds
Epoch 2: curr_epoch_loss=0.6862848401069641, running time = 29.72875165939331 seconds
Epoch 3: curr_epoch_loss=0.6833055019378662, running time = 27.567107439041138 seconds
Epoch 4: curr_epoch_loss=0.6791463494300842, running time = 27.03217887878418 seconds
Epoch 5: curr_epoch_loss=0.6771578192710876, running time = 28.321778059005737 seconds
Epoch 6: curr_epoch_loss=0.6740550398826599, running time = 27.561686992645264 seconds
Epoch 7: curr_epoch_loss=0.6711177229881287, running time = 26.9870183467865 seconds
Epoch 8: curr_epoch_loss=0.6683685183525085, running time = 27.62613797187805 seconds
Epoch 9: curr_epoch_loss=0.6653646230697632, running time = 26.83255362510681 seconds
Epoch 10: curr_epoch_loss=0.664621889591217, running time = 27.313945531845093 seconds
[1 1 0 1 1 1 1 1 1 1 1 0 1 1 0 1 1 1 1 1 0 0 0 1 0 0 1 0 1 0 1 1 1 1 1 1 1
 1 1 1 0 0 1 1 1 1 0 1 1 1 0 0 1 1 0 1 0 1 1 0 0 0 1 1 0 1 0 1 1 1 1 1 1 1
 1 0 1 1 0 1 1 1 1 1 1 1 1 1 1 1 1 1 1 1 0 0 1 0 1 1 1 1 1 1 1 1 1 0 1 1 1
 1 1 1 1 0 1 1 1 1 1 1 1 1 1 1 1 1 0 1 1 1 1 1 1 0 1 1 0 1 1 1 0 1 0 1 0 1
 1 1 1 1 1 0 0 0 1 1 1 1 1 1 1 1 1 1 1 1 1 0 1 1 0 1 1 1 1 1 0 1 0 1 0 1 0
 0 1 1 0 1 0 1]
[1 1 1 1 0 0 0 1 0 1 1 1 0 0 0 0 1 0 0 0 0 1 0 1 1 0 1 0 1 0 0 1 1 0 1 1 0
 0 1 0 0 0 0 1 0 0 0 0 1 1 0 0 0 0 1 1 0 1 1 1 0 1 1 0 1 0 0 0 1 1 1 0 1 0
 0 0 1 1 1 0 0 1 0 0 0 1 1 0 1 1 1 0 0 1 0 1 0 0 1 1 0 1 1 0 0 0 1 0 1 0 1
 0 0 1 1 0 1 1 1 1 1 1 0 1 1 1 1 1 0 1 0 1 1 1 0 0 1 1 0 0 0 1 0 0 0 0 0 1
 1 0 1 1 1 0 0 0 1 0 0 1 1 1 0 1 1 1 0 0 1 1 1 1 0 1 0 1 0 1 0 1 0 0 0 1 0
 0 0 1 0 1 0 1]
Validation Precision: 0.8854166666666666
Validation Recall: 0.5862068965517241
Validation F1: 0.7053941908713692
Validation Accuracy: 0.6302083333333334
---------------------------------------------------------------------------
Current Fold:  10
---------------------------------------------------------------------------
Epoch 1: curr_epoch_loss=0.6936482787132263, running time = 27.616636753082275 seconds
Epoch 2: curr_epoch_loss=0.6869862675666809, running time = 28.458282709121704 seconds
Epoch 3: curr_epoch_loss=0.6845694780349731, running time = 28.643543243408203 seconds
Epoch 4: curr_epoch_loss=0.6812888383865356, running time = 31.604299306869507 seconds
Epoch 5: curr_epoch_loss=0.6778087019920349, running time = 30.05850863456726 seconds
Epoch 6: curr_epoch_loss=0.6758355498313904, running time = 33.516244888305664 seconds
Epoch 7: curr_epoch_loss=0.6744981408119202, running time = 29.14290142059326 seconds
Epoch 8: curr_epoch_loss=0.6687113046646118, running time = 30.164166688919067 seconds
Epoch 9: curr_epoch_loss=0.6697895526885986, running time = 28.869483470916748 seconds
Epoch 10: curr_epoch_loss=0.6642727255821228, running time = 26.545595169067383 seconds
[1 1 0 0 1 0 1 1 0 0 1 1 1 0 0 0 0 1 1 1 0 1 0 0 0 0 0 0 0 1 0 0 0 1 1 0 0
 0 0 1 0 0 0 1 1 1 1 0 1 0 1 0 0 1 1 1 0 1 1 1 0 1 0 0 0 0 0 1 1 0 0 1 1 0
 1 0 1 1 0 0 1 1 1 0 1 0 0 0 1 0 0 0 1 1 1 1 1 1 1 1 0 1 0 1 0 0 0 1 0 0 1
 1 1 1 0 0 0 0 1 0 0 1 1 1 1 0 1 0 1 0 1 1 1 1 0 0 0 0 0 0 1 0 1 1 1 0 1 1
 0 0 0 0 1 1 0 0 0 0 1 1 1 0 0 1 1 1 1 1 0 0 1 0 1 1 0 1 0 0 0 1 1 1 0 0 0
 1 0 0 1 1 0 0]
[1 0 1 0 1 0 1 1 0 0 1 0 1 1 0 0 0 0 0 1 0 1 0 0 0 1 0 0 0 0 0 0 0 0 1 0 0
 1 1 0 0 0 0 1 1 1 0 0 0 0 1 0 0 0 0 1 0 0 0 1 1 1 0 0 1 0 0 1 0 0 0 1 1 1
 0 0 1 1 0 0 0 1 1 0 0 1 0 0 1 0 0 0 1 1 0 1 1 0 1 1 0 0 1 1 1 1 0 1 0 1 1
 0 1 1 1 0 1 0 0 1 0 1 1 1 1 0 1 1 1 1 0 0 0 0 1 1 1 0 1 1 1 1 0 1 1 0 1 1
 1 1 1 0 1 1 0 0 1 0 1 1 1 1 1 0 0 1 0 0 1 0 1 0 0 1 1 0 0 1 1 1 1 1 0 1 1
 1 0 1 0 0 0 1]
Validation Precision: 0.6041666666666666
Validation Recall: 0.6236559139784946
Validation F1: 0.6137566137566137
Validation Accuracy: 0.6197916666666666
---------------------------------------------------------------------------
Avg Validation Precision: 0.6664518900343643
Avg Validation Recall: 0.6015133955139416
Avg Validation F1: 0.6262918828346156
Avg Validation Accuracy: 0.6091510146804835
---------------------------------------------------------------------------
Total running time = 2906.04 seconds
